//tileWidth tileHeight howManyMaps; nxtMapSymbol; nameOfZone; Zlvl height width
32 32 4
+
Above Town
0 30 50
-1,-1,-1,-1,-1,-1,-1,-1,-1,-1,-1,-1,-1,-1,-1,-1,-1,-1,-1,-1,-1,-1,-1,-1,-1,-1,-1,-1,-1,-1,-1,-1,-1,-1,-1,-1,-1,-1,-1,-1,-1,-1,-1,-1,-1,-1,-1,-1,-1,-1,
-1,-1,-1,-1,-1,-1,-1,-1,-1,-1,-1,-1,-1,-1,-1,-1,-1,-1,-1,-1,-1,-1,-1,-1,-1,-1,-1,-1,-1,-1,-1,-1,-1,-1,-1,-1,-1,-1,-1,-1,-1,-1,-1,-1,-1,-1,-1,-1,-1,-1,
-1,-1,4,4,4,4,5,4,4,4,4,4,4,4,4,4,-1,-1,-1,-1,-1,-1,-1,-1,-1,-1,-1,-1,-1,-1,-1,-1,-1,-1,-1,-1,-1,-1,-1,-1,-1,-1,-1,-1,-1,-1,-1,-1,-1,-1,
-1,-1,4,3,3,3,3,4,3,3,3,3,3,3,3,4,-1,-1,-1,-1,-1,-1,-1,-1,-1,-1,-1,-1,-1,-1,-1,-1,-1,-1,-1,-1,-1,-1,-1,-1,-1,-1,-1,-1,-1,-1,-1,-1,-1,-1,
-1,-1,4,3,3,3,3,4,3,3,3,3,3,4,7,4,-1,-1,-1,-1,-1,-1,-1,-1,-1,-1,-1,-1,-1,-1,-1,-1,-1,-1,-1,-1,-1,-1,-1,-1,-1,-1,-1,-1,-1,-1,-1,-1,-1,-1,
-1,-1,4,3,3,3,3,4,3,3,3,4,5,4,4,4,-1,-1,-1,-1,-1,-1,-1,-1,-1,-1,-1,-1,-1,-1,-1,-1,-1,-1,-1,-1,-1,-1,-1,-1,-1,-1,-1,-1,-1,-1,-1,-1,-1,-1,
-1,-1,4,3,3,3,3,3,3,3,3,4,3,3,3,4,-1,-1,-1,-1,-1,-1,-1,-1,-1,-1,-1,-1,-1,-1,-1,-1,-1,-1,-1,-1,-1,-1,-1,-1,-1,-1,-1,-1,-1,-1,-1,-1,-1,-1,
-1,-1,4,3,3,3,3,4,3,3,3,3,3,3,3,4,-1,-1,-1,-1,-1,-1,-1,-1,-1,-1,-1,-1,-1,-1,-1,-1,-1,-1,-1,-1,-1,-1,-1,-1,-1,-1,-1,-1,-1,-1,-1,-1,-1,-1,
-1,-1,4,4,4,4,4,4,4,4,3,4,3,3,3,4,-1,-1,-1,-1,-1,-1,-1,-1,-1,-1,-1,-1,-1,-1,-1,-1,-1,-1,-1,-1,-1,-1,-1,-1,-1,-1,-1,-1,-1,-1,-1,-1,-1,-1,
-1,-1,-1,-1,-1,-1,-1,-1,-1,4,3,4,3,3,3,4,-1,-1,-1,-1,-1,-1,-1,-1,-1,-1,-1,-1,-1,-1,-1,-1,-1,-1,-1,-1,-1,-1,-1,-1,-1,-1,-1,-1,-1,-1,-1,-1,-1,-1,
-1,-1,-1,-1,-1,-1,-1,-1,-1,4,3,4,4,4,4,4,-1,-1,-1,-1,-1,-1,-1,-1,-1,-1,-1,-1,-1,-1,-1,-1,-1,-1,-1,-1,-1,-1,-1,-1,-1,-1,-1,-1,-1,-1,-1,-1,-1,-1,
-1,-1,-1,-1,-1,-1,-1,-1,-1,4,3,3,3,3,3,4,-1,-1,-1,-1,-1,-1,-1,-1,-1,-1,-1,-1,-1,-1,-1,-1,-1,-1,-1,-1,-1,-1,-1,-1,-1,-1,-1,-1,-1,-1,-1,-1,-1,-1,
-1,-1,-1,-1,-1,-1,-1,-1,-1,4,3,3,3,3,3,4,-1,-1,-1,-1,-1,-1,-1,-1,-1,-1,-1,-1,-1,-1,-1,-1,-1,-1,-1,-1,-1,-1,-1,-1,-1,-1,-1,-1,-1,-1,-1,-1,-1,-1,
-1,-1,-1,-1,-1,-1,-1,-1,-1,4,3,3,3,3,3,4,-1,-1,-1,-1,-1,-1,-1,-1,-1,-1,-1,-1,-1,-1,-1,-1,-1,-1,-1,-1,-1,-1,-1,-1,-1,-1,-1,-1,-1,-1,-1,-1,-1,-1,
-1,-1,-1,-1,-1,-1,-1,-1,-1,4,3,3,3,3,3,4,-1,-1,-1,-1,-1,-1,-1,-1,-1,-1,-1,-1,-1,-1,-1,-1,-1,-1,-1,-1,-1,-1,-1,-1,-1,-1,-1,-1,-1,-1,-1,-1,-1,-1,
-1,-1,-1,-1,-1,-1,-1,-1,-1,4,4,4,4,4,4,4,-1,-1,-1,-1,-1,-1,-1,-1,-1,-1,-1,-1,-1,-1,-1,-1,-1,-1,-1,-1,-1,-1,-1,-1,-1,-1,-1,-1,-1,-1,-1,-1,-1,-1,
-1,-1,-1,-1,-1,-1,-1,-1,-1,-1,-1,-1,-1,-1,-1,-1,-1,-1,-1,-1,-1,-1,-1,-1,-1,-1,-1,-1,-1,-1,-1,-1,-1,-1,-1,-1,-1,-1,-1,-1,-1,-1,-1,-1,-1,-1,-1,-1,-1,-1,
-1,-1,-1,-1,-1,-1,-1,-1,-1,-1,-1,-1,-1,-1,-1,-1,-1,-1,-1,-1,-1,-1,-1,-1,-1,-1,-1,-1,-1,-1,-1,-1,-1,-1,-1,-1,-1,-1,-1,-1,-1,-1,-1,-1,-1,-1,-1,-1,-1,-1,
-1,-1,-1,-1,-1,-1,-1,-1,-1,-1,-1,-1,-1,-1,-1,-1,-1,-1,-1,-1,-1,-1,-1,-1,-1,-1,-1,-1,-1,-1,-1,-1,-1,-1,-1,-1,-1,-1,-1,-1,-1,-1,-1,-1,-1,-1,-1,-1,-1,-1,
-1,-1,-1,-1,-1,-1,-1,-1,-1,-1,-1,-1,-1,-1,-1,-1,-1,-1,-1,-1,-1,-1,-1,-1,-1,-1,-1,-1,-1,-1,-1,-1,-1,-1,-1,-1,-1,-1,-1,-1,-1,-1,-1,-1,-1,-1,-1,-1,-1,-1,
-1,-1,-1,-1,-1,-1,-1,-1,-1,-1,-1,-1,-1,-1,-1,-1,-1,-1,-1,-1,-1,-1,-1,-1,-1,-1,-1,-1,-1,-1,-1,-1,-1,-1,-1,-1,-1,-1,-1,-1,-1,-1,-1,-1,-1,-1,-1,-1,-1,-1,
-1,-1,-1,-1,-1,-1,-1,-1,-1,-1,-1,-1,-1,-1,-1,-1,-1,-1,-1,-1,-1,-1,-1,-1,-1,-1,-1,-1,-1,-1,-1,-1,-1,-1,-1,-1,-1,-1,-1,-1,-1,-1,-1,-1,-1,-1,-1,-1,-1,-1,
-1,-1,-1,-1,-1,-1,-1,-1,-1,-1,-1,-1,-1,-1,-1,-1,-1,-1,-1,-1,-1,-1,-1,-1,-1,-1,-1,-1,-1,-1,-1,-1,-1,-1,-1,-1,-1,-1,-1,-1,-1,-1,-1,-1,-1,-1,-1,-1,-1,-1,
-1,-1,-1,-1,-1,-1,-1,-1,-1,-1,-1,-1,-1,-1,-1,-1,-1,-1,-1,-1,-1,-1,-1,-1,-1,-1,-1,-1,-1,-1,-1,-1,-1,-1,-1,-1,-1,-1,-1,-1,-1,-1,-1,-1,-1,-1,-1,-1,-1,-1,
-1,-1,-1,-1,-1,-1,-1,-1,-1,-1,-1,-1,-1,-1,-1,-1,-1,-1,-1,-1,-1,-1,-1,-1,-1,-1,-1,-1,-1,-1,-1,-1,-1,-1,-1,-1,-1,-1,-1,-1,-1,-1,-1,-1,-1,-1,-1,-1,-1,-1,
-1,-1,-1,-1,-1,-1,-1,-1,-1,-1,-1,-1,-1,-1,-1,-1,-1,-1,-1,-1,-1,-1,-1,-1,-1,-1,-1,-1,-1,-1,-1,-1,-1,-1,-1,-1,-1,-1,-1,-1,-1,-1,-1,-1,-1,-1,-1,-1,-1,-1,
-1,-1,-1,-1,-1,-1,-1,-1,-1,-1,-1,-1,-1,-1,-1,-1,-1,-1,-1,-1,-1,-1,-1,-1,-1,-1,-1,-1,-1,-1,-1,-1,-1,-1,-1,-1,-1,-1,-1,-1,-1,-1,-1,-1,-1,-1,-1,-1,-1,-1,
-1,-1,-1,-1,-1,-1,-1,-1,-1,-1,-1,-1,-1,-1,-1,-1,-1,-1,-1,-1,-1,-1,-1,-1,-1,-1,-1,-1,-1,-1,-1,-1,-1,-1,-1,-1,-1,-1,-1,-1,-1,-1,-1,-1,-1,-1,-1,-1,-1,-1,
-1,-1,-1,-1,-1,-1,-1,-1,-1,-1,-1,-1,-1,-1,-1,-1,-1,-1,-1,-1,-1,-1,-1,-1,-1,-1,-1,-1,-1,-1,-1,-1,-1,-1,-1,-1,-1,-1,-1,-1,-1,-1,-1,-1,-1,-1,-1,-1,-1,-1,
-1,-1,-1,-1,-1,-1,-1,-1,-1,-1,-1,-1,-1,-1,-1,-1,-1,-1,-1,-1,-1,-1,-1,-1,-1,-1,-1,-1,-1,-1,-1,-1,-1,-1,-1,-1,-1,-1,-1,-1,-1,-1,-1,-1,-1,-1,-1,-1,-1,-1,
+
Ground
1 30 50
4,4,4,4,4,4,4,4,4,4,4,4,4,4,4,4,4,4,4,4,4,4,4,4,4,4,4,4,4,4,4,4,4,4,4,4,4,4,4,4,4,4,4,4,4,4,4,4,4,4,
4,2,2,2,2,2,2,2,2,2,2,2,2,2,2,2,2,2,2,2,2,2,2,2,2,2,2,2,2,2,2,2,2,2,2,2,2,2,2,2,2,2,2,2,2,2,2,2,2,4,
4,2,4,4,4,4,4,5,4,4,4,4,4,4,4,4,2,2,2,2,2,2,2,2,2,2,2,2,2,2,2,2,2,2,2,2,2,2,2,2,2,2,2,2,2,2,2,2,2,4,
4,2,4,2,2,2,2,2,2,2,2,2,2,4,6,4,2,2,2,2,2,2,2,2,2,2,2,2,2,2,2,2,2,2,2,2,2,2,2,2,2,2,2,2,2,2,2,2,2,4,
4,2,4,2,2,2,2,2,2,2,2,2,2,4,3,4,2,2,2,2,2,2,2,2,2,2,2,2,2,2,2,2,2,2,2,2,2,2,2,2,2,2,2,2,2,2,2,2,2,4,
4,2,4,2,2,2,2,2,2,2,2,2,2,4,3,4,2,2,2,2,2,2,2,2,2,2,2,2,2,2,2,2,2,2,2,2,2,2,2,2,2,2,2,2,2,2,2,2,2,4,
4,2,4,2,2,3,3,3,3,3,3,3,3,3,3,4,2,2,2,2,2,2,2,2,2,2,2,2,2,2,2,2,2,2,2,2,2,2,2,2,2,2,2,2,2,2,2,2,2,4,
4,2,4,2,2,3,2,2,2,2,2,2,3,3,3,4,2,2,2,2,2,2,2,2,2,2,2,2,2,2,2,2,2,2,2,2,2,2,2,2,2,2,2,2,2,2,2,2,2,4,
4,2,4,5,4,3,4,4,4,4,2,2,3,2,2,4,2,2,2,2,2,2,2,2,2,2,2,2,2,2,2,2,2,2,2,2,2,2,2,2,2,2,2,2,2,2,2,2,2,4,
4,2,2,2,2,3,2,2,2,4,2,2,3,2,2,4,2,2,2,2,2,2,2,2,2,2,2,2,2,2,2,2,2,2,2,2,2,2,2,2,2,2,2,2,2,2,2,2,2,4,
4,2,2,2,2,3,2,2,2,4,2,2,3,3,3,4,2,2,2,2,2,2,2,2,2,2,2,2,2,2,2,2,2,2,2,2,2,2,2,2,2,2,2,2,2,2,2,2,2,4,
4,2,2,2,2,3,2,2,2,4,2,2,3,2,2,4,2,2,2,2,2,2,2,2,2,2,2,2,3,3,3,3,3,3,3,3,3,3,2,2,2,2,2,2,2,2,2,2,2,4,
4,2,2,2,2,3,2,2,2,4,2,2,3,2,2,4,2,2,2,2,2,2,2,2,2,2,2,3,3,2,2,2,2,2,1,2,2,3,3,2,2,2,2,2,2,2,2,2,2,4,
4,2,2,2,2,3,2,2,2,4,2,2,3,2,2,4,2,2,2,2,2,2,2,2,2,2,3,3,2,2,2,2,2,1,1,1,2,2,3,3,3,2,2,2,2,2,2,2,2,4,
4,2,2,2,2,3,2,2,2,4,2,2,3,2,2,4,2,2,2,2,2,2,2,2,2,3,3,2,2,2,4,1,4,4,3,4,2,2,2,2,3,3,2,2,2,2,2,2,2,4,
4,2,2,2,2,3,2,2,2,4,4,4,3,4,4,4,2,2,2,2,2,2,2,2,2,3,2,2,2,2,4,1,3,3,1,4,2,2,2,2,2,3,2,2,2,2,2,2,2,4,
4,2,2,2,2,3,3,2,2,2,2,2,3,2,2,2,2,2,2,2,2,2,2,2,3,3,2,2,2,2,4,3,3,1,3,1,2,2,2,2,2,3,3,2,2,2,2,2,2,4,
4,2,2,2,2,2,3,3,2,2,2,2,3,2,2,2,2,2,2,2,2,2,2,3,3,2,2,2,2,2,4,1,1,1,3,4,2,2,2,2,2,2,3,2,2,2,2,2,2,4,
4,2,2,2,2,2,2,3,3,3,2,2,3,2,2,2,2,2,2,2,2,2,2,3,2,2,2,2,2,2,1,3,7,3,1,4,2,2,2,2,2,2,3,2,2,2,2,2,2,4,
4,2,2,2,2,2,2,2,2,3,3,3,3,3,3,3,3,3,3,3,3,3,3,3,2,2,2,2,2,2,1,4,4,4,4,4,2,2,2,2,2,2,3,1,2,2,2,2,2,4,
4,2,2,2,2,2,2,2,2,2,2,2,2,2,2,2,2,2,2,2,2,2,2,2,2,2,2,2,2,2,2,2,2,2,2,2,2,2,2,2,2,1,3,3,1,1,2,2,2,4,
4,2,2,2,2,2,2,2,2,2,2,2,2,2,2,2,2,2,2,2,2,2,2,2,2,2,2,2,2,2,2,2,2,2,2,2,2,2,2,2,1,1,1,3,1,1,1,2,2,4,
4,2,2,2,2,2,2,2,2,2,2,2,2,2,2,2,2,2,2,2,2,2,2,2,2,2,2,2,2,2,2,2,2,2,2,2,2,2,1,1,1,1,0,3,0,1,1,1,2,4,
4,2,2,2,2,2,2,2,2,2,2,2,2,2,2,2,2,2,2,2,2,2,2,2,2,2,2,2,2,2,2,2,2,2,2,2,2,1,1,1,1,0,0,3,0,0,1,1,1,4,
4,2,2,2,2,2,2,2,2,2,2,2,2,2,2,2,2,2,2,2,2,2,2,2,2,2,2,2,2,2,2,2,2,2,2,2,1,1,1,0,0,0,0,0,0,0,0,1,1,4,
4,2,2,2,2,2,2,2,2,2,2,2,2,2,2,2,2,2,2,2,2,2,2,2,2,2,2,2,2,2,2,2,2,2,2,2,1,1,0,0,0,0,0,0,0,0,0,1,1,4,
4,2,2,2,2,2,2,2,2,2,2,2,2,2,2,2,2,2,2,2,2,2,2,2,2,2,2,2,2,2,2,2,2,2,2,2,1,1,0,0,0,0,0,0,0,0,1,1,1,4,
4,2,2,2,2,2,2,2,2,2,2,2,2,2,2,2,2,2,2,2,2,2,2,2,2,2,2,2,2,2,2,2,2,2,2,2,1,1,1,1,0,0,0,0,0,1,1,1,2,4,
4,2,2,2,2,2,2,2,2,2,2,2,2,2,2,2,2,2,2,2,2,2,2,2,2,2,2,2,2,2,2,2,2,2,2,2,2,1,1,1,1,1,1,1,1,1,1,2,2,4,
4,4,4,4,4,4,4,4,4,4,4,4,4,4,4,4,4,4,4,4,4,4,4,4,4,4,4,4,4,4,4,4,4,4,4,4,4,4,4,4,4,4,4,4,4,4,4,4,4,4,
+
Dungeon_1
2 30 50
4,4,4,4,4,4,4,4,4,4,4,4,4,4,4,5,4,4,4,4,4,4,4,4,4,4,4,4,4,4,4,4,4,4,4,4,4,4,4,4,4,4,4,4,4,5,4,4,4,4,
4,1,1,1,1,1,1,1,1,1,1,1,1,1,4,1,1,1,1,1,1,1,1,1,1,1,1,1,4,1,1,1,1,1,1,1,1,4,1,1,1,1,1,1,4,1,1,1,1,4,
4,1,1,1,1,1,1,1,1,1,1,4,1,1,4,1,1,1,1,1,1,1,1,1,1,1,1,1,1,1,1,1,1,1,1,1,1,4,1,1,1,1,1,1,4,1,1,1,1,4,
4,1,1,4,4,4,1,1,1,1,1,4,1,1,4,1,1,1,1,1,1,1,1,1,1,1,1,1,4,1,1,1,1,1,1,1,1,4,1,1,1,1,1,1,4,1,1,1,1,4,
4,1,1,4,0,4,1,1,1,1,1,4,1,1,4,1,1,1,1,1,1,1,1,1,1,1,1,1,4,1,1,1,1,1,1,1,1,4,1,1,1,1,1,1,4,4,4,1,4,4,
4,1,1,4,0,4,4,4,7,4,4,4,1,1,4,1,1,1,1,1,1,1,1,1,1,1,1,1,4,1,1,1,1,1,1,1,1,4,1,1,1,1,1,1,1,1,1,1,1,4,
4,1,1,4,0,0,0,4,4,4,1,1,1,1,4,1,1,1,1,1,1,1,1,1,1,1,1,1,4,1,1,1,1,1,1,1,1,4,1,1,1,1,1,1,1,1,1,1,1,4,
4,1,1,4,4,0,0,0,0,4,1,1,1,1,4,1,1,1,1,1,1,1,1,1,1,4,4,4,4,1,4,4,4,4,4,4,4,4,4,4,4,4,4,4,4,1,1,1,1,4,
4,1,1,1,4,0,0,0,0,4,1,1,1,1,4,1,1,4,4,1,1,4,4,1,1,4,1,1,1,1,1,1,1,4,1,1,1,1,1,1,1,1,1,1,4,1,1,1,1,4,
4,1,1,1,4,0,0,0,0,4,1,1,1,1,4,1,1,4,4,1,1,4,4,1,1,4,1,1,1,1,1,1,1,4,1,1,1,1,1,1,1,1,1,1,4,1,1,1,1,4,
4,1,1,1,4,0,0,0,0,4,4,4,1,1,4,1,1,1,1,1,1,1,1,1,1,4,1,1,1,1,1,1,1,4,1,1,1,1,1,1,1,1,1,1,4,1,1,1,1,4,
4,1,1,1,4,1,0,0,0,0,0,4,1,1,4,1,1,4,4,1,1,4,4,1,1,4,1,1,1,1,1,1,1,4,1,1,1,1,1,1,1,1,1,1,4,1,1,1,1,4,
4,1,1,1,1,1,1,1,1,0,0,4,1,1,4,1,1,4,4,1,1,4,4,1,1,4,1,1,1,1,1,1,1,1,1,1,1,1,1,1,1,1,1,1,4,1,1,1,1,4,
4,1,1,1,1,1,1,1,1,1,1,4,1,1,4,1,1,1,1,1,1,1,1,1,1,4,1,1,1,1,1,1,1,4,1,1,1,1,1,1,1,1,1,1,4,1,1,1,1,4,
4,1,1,1,1,1,1,1,1,1,1,4,1,1,4,1,1,4,4,1,1,4,4,1,1,4,1,1,1,1,1,1,1,4,1,1,1,1,1,1,1,1,1,1,4,1,1,1,1,4,
4,1,1,1,1,1,1,1,1,1,1,4,1,1,4,1,1,4,4,1,1,4,4,1,1,4,1,1,1,1,1,1,1,4,1,1,1,1,1,1,1,1,1,1,4,1,1,1,1,4,
4,1,1,1,1,1,1,1,1,1,1,1,1,1,4,1,1,1,1,1,1,1,1,1,1,4,1,1,1,1,1,4,4,4,1,1,1,1,1,1,1,1,1,1,4,1,1,1,1,4,
4,1,1,1,1,1,1,1,1,1,1,1,1,1,4,1,1,4,4,1,1,4,4,1,1,4,4,5,4,4,4,4,6,4,1,1,1,1,1,3,1,1,1,1,4,4,4,4,1,4,
4,1,1,1,1,1,1,1,1,1,1,1,1,1,4,1,1,4,4,1,1,4,4,1,1,4,1,1,1,1,1,4,3,4,1,1,1,1,3,1,1,1,1,1,1,1,1,1,1,4,
4,1,1,1,1,1,1,1,1,1,1,1,1,1,4,1,1,1,1,1,1,1,1,1,1,4,1,1,1,1,1,4,3,5,4,4,4,4,3,4,4,4,4,4,4,4,5,4,1,4,
4,1,1,1,1,1,1,1,1,1,1,1,1,1,4,1,1,1,1,1,1,1,1,1,1,4,1,1,1,1,1,4,3,3,3,3,3,8,3,4,1,1,1,1,1,1,1,4,1,4,
4,1,1,1,1,1,1,1,1,1,1,1,1,1,4,1,1,1,1,1,1,1,1,1,1,4,1,1,1,1,1,4,4,4,4,4,4,4,4,4,1,4,4,4,4,1,4,4,1,4,
4,1,1,1,1,1,1,1,1,1,1,1,1,1,4,4,4,4,4,1,1,4,4,4,4,4,1,1,1,1,1,1,1,1,1,1,1,1,1,4,1,1,1,1,4,1,4,4,1,4,
4,1,1,1,1,1,1,1,1,1,1,1,1,1,1,1,1,1,1,1,1,1,1,1,1,1,1,1,1,1,1,1,1,1,1,1,1,1,1,4,4,5,4,1,4,1,1,1,1,4,
4,1,1,1,1,1,1,1,1,1,1,1,1,1,1,1,1,1,1,1,1,1,1,1,1,1,1,1,1,1,1,1,1,1,1,1,1,1,1,4,1,1,4,1,4,4,4,4,4,4,
4,1,1,1,1,1,1,1,1,1,1,1,1,1,1,1,1,1,1,1,1,1,1,1,1,1,1,1,1,1,1,1,1,1,1,1,1,1,1,4,1,4,4,1,1,1,1,1,1,4,
4,1,1,1,1,1,1,1,1,1,1,1,1,1,1,1,1,1,1,1,1,1,1,1,1,1,1,1,1,1,1,1,1,1,1,1,1,1,1,4,1,4,1,1,4,4,4,4,1,4,
4,1,1,1,1,1,1,1,1,1,1,1,1,1,1,1,1,1,1,1,1,1,1,1,1,1,1,1,1,1,1,1,1,1,1,1,1,1,1,4,1,4,4,4,4,1,1,4,1,4,
4,1,1,1,1,1,1,1,1,1,1,1,1,1,1,1,1,1,1,1,1,1,1,1,1,1,1,1,1,1,1,1,1,1,1,1,1,1,1,1,1,1,1,1,1,1,1,1,1,4,
4,4,4,4,4,4,4,4,4,4,4,4,4,4,4,4,4,4,4,4,4,4,4,4,4,4,4,4,4,4,4,4,4,4,4,4,4,4,4,4,4,4,4,4,4,4,4,4,4,4,
+
Dungeon_2
3 30 50
4,4,4,4,4,4,4,4,4,4,4,4,4,4,4,4,5,4,4,4,4,4,4,4,4,4,4,4,4,4,4,4,4,4,4,4,4,4,4,4,4,4,4,4,4,4,4,5,4,4,
4,1,1,1,1,4,1,1,1,1,1,1,1,1,1,4,1,1,1,1,1,1,1,1,1,1,1,1,1,1,1,1,1,1,1,1,1,1,4,1,1,1,1,1,1,1,1,4,1,4,
4,1,1,1,1,4,1,1,1,1,1,1,1,1,1,4,1,1,1,1,1,1,1,1,1,1,1,1,1,1,1,1,1,1,1,1,1,1,4,1,1,1,1,1,1,1,1,4,1,4,
4,1,1,1,1,1,1,4,4,4,1,1,1,1,4,4,4,4,4,4,4,1,4,4,4,4,4,4,1,1,1,1,1,1,1,1,1,1,4,1,1,1,1,1,1,1,1,4,1,4,
4,1,1,1,1,4,4,4,6,4,4,4,1,1,4,1,1,1,1,1,1,1,1,1,1,1,1,4,1,1,1,1,1,1,1,1,1,1,4,4,4,4,4,1,4,4,4,4,1,4,
4,1,1,1,1,4,1,1,1,1,1,1,1,1,4,1,1,1,1,1,1,1,1,1,1,1,4,4,4,4,4,4,1,4,4,4,4,4,4,1,1,1,1,1,1,1,1,1,1,4,
4,1,1,1,1,4,1,1,1,1,1,1,1,1,4,1,1,0,0,1,1,1,1,1,1,1,4,4,1,1,1,1,1,1,1,1,1,4,1,1,1,1,1,1,1,1,1,1,1,4,
4,1,1,1,1,4,1,1,1,1,1,1,1,1,4,1,1,0,0,0,0,1,1,1,1,1,1,4,1,1,1,1,1,1,1,1,1,4,1,1,1,1,1,1,1,1,1,1,1,4,
4,1,1,1,1,4,4,4,4,4,4,4,4,4,4,1,1,0,0,0,0,0,0,1,1,1,1,4,1,1,1,1,1,1,1,1,1,4,1,4,1,1,1,1,1,1,1,1,1,4,
4,1,1,1,1,1,1,1,1,1,1,1,1,1,4,1,1,0,0,0,0,0,0,0,1,1,1,4,1,1,1,1,1,1,1,1,1,1,1,4,1,1,1,1,1,1,1,1,1,4,
4,1,1,1,1,1,1,1,1,1,1,1,1,1,4,1,1,0,0,0,0,0,0,0,0,1,1,1,1,1,1,1,1,1,1,1,1,1,1,4,1,1,1,1,1,1,1,1,1,4,
4,1,1,1,1,1,1,1,1,1,1,1,1,1,4,1,1,0,0,0,0,0,0,0,0,1,1,4,1,1,1,1,1,1,1,1,1,1,1,4,1,1,1,1,1,1,1,1,1,4,
4,1,1,1,1,1,1,1,1,1,1,1,1,1,4,1,1,0,0,0,0,0,0,0,1,1,4,4,4,4,4,4,4,4,4,4,4,4,4,4,1,1,1,1,1,1,1,1,1,4,
4,1,1,1,1,1,1,1,1,1,1,1,1,1,4,1,1,0,0,0,0,0,0,0,1,1,4,1,1,1,1,1,1,1,1,1,1,1,1,1,1,1,1,1,1,1,1,1,1,4,
4,1,1,1,1,1,1,1,1,1,1,1,1,1,4,1,1,0,0,0,0,0,0,0,1,1,4,1,1,1,1,1,4,1,1,1,1,1,1,1,1,1,1,1,1,1,1,1,1,4,
4,4,4,4,1,4,4,4,4,4,4,4,4,4,4,1,1,1,0,0,0,0,0,0,0,1,4,4,4,1,4,4,4,4,1,1,1,1,1,1,1,1,1,1,1,1,1,1,1,4,
4,1,1,1,1,1,1,1,1,1,1,1,4,4,4,1,1,1,1,0,0,0,0,0,0,1,4,1,1,1,1,1,1,4,1,1,1,1,1,1,1,1,1,1,1,1,1,1,1,4,
4,1,1,1,1,1,1,1,1,1,1,1,1,1,4,1,1,1,1,1,0,0,0,0,0,1,4,1,1,1,1,1,1,4,1,1,1,1,1,1,1,1,1,1,1,1,1,1,1,4,
4,1,1,1,1,1,1,1,1,1,1,1,1,1,4,1,1,1,1,1,1,1,1,0,1,1,4,1,1,1,1,1,1,4,1,1,1,1,1,1,1,1,1,1,1,1,1,1,1,4,
4,1,1,1,1,1,1,1,1,1,1,1,1,1,4,1,1,1,1,1,1,1,1,1,1,1,4,1,1,1,1,1,1,4,1,1,1,1,1,1,1,1,1,1,1,1,1,1,1,4,
4,1,1,1,1,1,1,1,1,1,1,1,1,1,4,4,4,4,1,4,4,1,1,1,1,1,4,1,1,1,1,1,1,4,4,4,4,4,4,4,1,4,4,4,4,4,4,4,4,4,
4,1,1,1,1,1,1,1,1,1,1,1,1,1,1,1,1,1,1,1,4,4,4,4,4,4,4,4,4,4,4,4,4,4,1,1,1,1,1,1,1,1,1,1,1,1,1,1,1,4,
4,1,1,1,1,1,1,1,1,1,1,1,1,1,1,1,1,1,1,1,1,1,1,1,4,1,1,1,1,1,1,1,1,1,1,1,1,1,1,1,1,1,1,1,1,1,1,1,1,4,
4,1,1,1,1,1,1,1,1,1,1,1,1,1,1,1,1,1,1,1,1,1,1,1,4,1,1,1,1,1,1,1,1,1,1,1,1,1,1,1,1,1,1,1,1,1,1,1,1,4,
4,1,1,1,1,1,1,1,1,1,1,1,1,1,1,1,1,1,1,1,1,1,1,1,1,1,1,1,1,1,1,1,1,1,1,1,1,1,1,1,1,1,1,1,1,1,1,1,1,4,
4,1,1,1,1,1,1,1,1,1,1,1,1,1,1,1,1,1,1,1,1,1,1,1,4,1,1,1,1,1,1,1,1,1,1,1,1,1,1,1,1,1,1,1,1,1,1,1,1,4,
4,1,1,1,1,1,1,1,1,1,1,1,1,1,1,1,1,1,1,1,1,1,1,1,4,1,1,1,1,1,1,1,1,1,1,1,1,1,1,1,1,1,1,1,1,1,1,1,1,4,
4,1,1,1,1,1,1,1,1,1,1,1,1,1,1,1,1,1,1,1,1,1,1,1,4,1,1,1,1,1,1,1,1,1,1,1,1,1,1,1,1,1,1,1,1,1,1,1,1,4,
4,1,1,1,1,1,1,1,1,1,1,1,1,1,1,1,1,1,1,1,1,1,1,1,4,1,1,1,1,1,1,1,1,1,1,1,1,1,1,1,1,1,1,1,1,1,1,1,1,4,
4,4,4,4,4,4,4,4,4,4,4,4,4,4,4,4,4,4,4,4,4,4,4,4,4,4,4,4,4,4,4,4,4,4,4,4,4,4,4,4,4,4,4,4,4,4,4,4,4,4,



